1.40000, -9.60000
-3.99060, -6.02499
0.32458, 9.97891
0.41649, -9.96525
-4.47344, 4.46690
1.13234, 9.74019
0.05365, -9.99942
-1.83444, 9.30265
3.28825, 7.53324
-0.22649, -9.98974
-0.56660, 9.93558
4.90431, -1.94704
-0.85243, -9.85360
-0.11873, 9.99718
2.37474, -8.80014
-2.61551, -8.52270
0.14655, 9.99570
0.76108, -9.88347
-4.98153, -0.85872
0.63690, 9.91854
0.19335, -9.99252
-3.01617, 7.97565
2.03350, 9.13562
-0.07839, -9.99877
-1.01381, 9.79228
4.67723, 3.53469
-0.47087, -9.95556
-0.28348, 9.98391
3.71797, -6.68632
-1.55836, -9.50189
0.01653, 9.99995
1.34103, -9.63362
-4.09589, -5.73540
0.34203, 9.97658
0.39628, -9.96854
-4.38246, 4.81417
1.18296, 9.71609
0.04400, -9.99961
-1.75978, 9.36017
3.39838, 7.33512
-0.24044, -9.98843
-0.54055, 9.94139
4.85768, -2.36895
-0.89150, -9.83976
-0.10807, 9.99766
2.28324, -8.89647
-2.71554, -8.39663
0.15811, 9.99500
0.72724, -9.89366
-4.99563, -0.41802
0.66696, 9.91063
0.18083, -9.99346
-2.91037, 8.13136
2.11742, 9.05904
-0.08849, -9.99843
-0.96985, 9.81007
4.74687, 3.14147
-0.49407, -9.95106
-0.26810, 9.98561
3.60755, -6.92403
-1.62568, -9.45667
0.02598, 9.99987
1.28430, -9.66449
-4.19842, -5.43074
0.36013, 9.97403
0.37683, -9.97156
-4.28686, 5.14697
1.23564, 9.68983
0.03444, -9.99976
-1.68770, 9.41311
3.50900, 7.12373
-0.25486, -9.98700
-0.51552, 9.94671
4.80260, -2.78212
-0.93220, -9.82466
-0.09762, 9.99809
2.19434, -8.98552
-2.81773, -8.26085
0.16999, 9.99422
0.69477, -9.90299
-4.99999, 0.02432
0.69827, 9.90200
0.16867, -9.99431
-2.80639, 8.27627
2.20398, 8.97607
-0.09876, -9.99805
-0.92765, 9.82639
4.80905, 2.73717
-0.51822, -9.94614
-0.25325, 9.98716
3.49683, -7.14763
-1.69550, -9.40751
0.03548, 9.99975
1.22974, -9.69283
-4.29757, -5.11111
0.37893, 9.97124
0.35811, -9.97432
-4.18731, 5.46496
1.29043, 9.66122
0.02494, -9.99988
-1.61816, 9.46183
3.61971, 6.89860
-0.26977, -9.98543
-0.49148, 9.95157
4.73957, -3.18525
-0.97460, -9.80819
-0.08737, 9.99847
2.10806, -9.06776
-2.92191, -8.11478
0.18219, 9.99336
0.66359, -9.91154
-4.99455, 0.46657
0.73090, 9.89258
0.15683, -9.99508
-2.70443, 8.41095
2.29317, 8.88625
-0.10923, -9.99761
-0.88713, 9.84134
4.86322, 2.32298
-0.54336, -9.94078
-0.23889, 9.98858
3.38625, -7.35754
-1.76786, -9.35407
0.04506, 9.99959
1.17730, -9.71884
-4.39270, -4.77670
0.39846, 9.96820
0.34008, -9.97684
-4.08444, 5.76796
1.34740, 9.63006
0.01549, -9.99995
-1.55112, 9.50664
3.73006, 6.65932
-0.28520, -9.98372
-0.46837, 9.95603
4.66915, -3.57719
-1.01875, -9.79023
-0.07729, 9.99881
2.02443, -9.14367
-3.02790, -7.95785
0.19474, 9.99241
0.63367, -9.91937
-4.97939, 0.90699
0.76489, 9.88230
0.14530, -9.99578
-2.60466, 8.53599
2.38495, 8.78908
-0.11991, -9.99712
-0.84823, 9.85505
4.90890, 1.90019
-0.56953, -9.93491
-0.22499, 9.98987
3.27619, -7.55422
-1.84281, -9.29603
0.05472, 9.99940
1.12690, -9.74271
-4.48313, -4.42787
0.41876, 9.96487
0.32270, -9.97915
-3.97888, 6.05590
1.40662, 9.59613
0.00607, -9.99999
-1.48651, 9.54783
3.83957, 6.40552
-0.30119, -9.98184
-0.44617, 9.96011
4.59191, -3.95694
-1.06473, -9.77064
-0.06735, 9.99909
1.94346, -9.21368
-3.13545, -7.78947
0.20768, 9.99137
0.60494, -9.92654
-4.95464, 1.34389
0.80030, 9.87107
0.13405, -9.99641
-2.50720, 8.65193
2.47926, 8.68407
-0.13083, -9.99658
-0.81089, 9.86762
4.94566, 1.47024
-0.59679, -9.92851
-0.21152, 9.99105
3.16703, -7.73820
-1.92037, -9.23302
0.06448, 9.99917
1.07847, -9.76461
-4.56823, -4.06512
0.43987, 9.96123
0.30596, -9.98126
-3.87124, 6.32883
1.46815, 9.55919
-0.00333, -10.00000
-1.42430, 9.58569
3.94772, 6.13694
-0.31776, -9.97978
-0.42482, 9.96384
4.50850, -4.32363
-1.11259, -9.74929
-0.05755, 9.99934
1.86513, -9.27821
-3.24429, -7.60910
0.22102, 9.99023
0.57736, -9.93311
-4.92055, 1.77564
0.83719, 9.85882
0.12306, -9.99697
-2.41216, 8.75933
2.57603, 8.57067
-0.14199, -9.99597
-0.77505, 9.87913
4.97316, 1.03467
-0.62518, -9.92152
-0.19847, 9.99212
3.05907, -7.91002
-2.00058, -9.16465
0.07438, 9.99889
1.03195, -9.78470
-4.64733, -3.68909
0.46182, 9.95725
0.28980, -9.98319
-3.76207, 6.58691
1.53205, 9.51900
-0.01275, -9.99997
-1.36441, 9.62047
4.05395, 5.85338
-0.33495, -9.97754
-0.40429, 9.96726
4.41955, -4.67657
-1.16241, -9.72601
-0.04786, 9.99954
1.78942, -9.33766
-3.35412, -7.41616
0.23479, 9.98897
0.55087, -9.93912
-4.87742, 2.20067
0.87563, 9.84546
0.11232, -9.99748
-2.31964, 8.85873
2.67514, 8.44834
-0.15344, -9.99529
-0.74065, 9.88968
4.99114, 0.59510
-0.65475, -9.91389
-0.18581, 9.99309
2.95260, -8.07022
-2.08343, -9.09050
0.08442, 9.99857
0.98727, -9.80312
-4.71980, -3.30061
0.48465, 9.95291
0.27421, -9.98495
-3.65191, 6.83039
1.59838, 9.47527
-0.02218, -9.99990
-1.30679, 9.65242
4.15766, 5.55477
-0.35279, -9.97508
-0.38454, 9.97038
4.32572, -5.01522
-1.21426, -9.70064
-0.03826, 9.99971
1.71631, -9.39240
-3.46459, -7.21016
0.24902, 9.98759
0.52544, -9.94463
-4.82568, 2.61751
0.91567, 9.83088
0.10179, -9.99793
-2.22969, 8.95064
2.77648, 8.31653
-0.16519, -9.99454
-0.70764, 9.89934
4.99941, 0.15321
-0.68555, -9.90556
-0.17350, 9.99398
2.84787, -8.21940
-2.16894, -9.01015
0.09462, 9.99821
0.94437, -9.82001
-4.78504, -2.90062
0.50842, 9.94817
0.25915, -9.98656
-3.54126, 7.05960
1.66719, 9.42772
-0.03166, -9.99980
-1.25137, 9.68175
4.25825, 5.24112
-0.37130, -9.97239
-0.36553, 9.97324
4.22768, -5.33919
-1.26819, -9.67299
-0.02874, 9.99983
1.64575, -9.44277
-3.57532, -6.99060
0.26373, 9.98608
0.50100, -9.94967
-4.76578, 3.02481
0.95738, 9.81497
0.09146, -9.99833
-2.14236, 9.03555
2.87989, 8.17465
-0.17725, -9.99371
-0.67594, 9.90820
4.99791, -0.28928
-0.71765, -9.89646
-0.16154, 9.99478
2.74508, -8.35812
-2.25708, -8.92314
0.10501, 9.99779
0.90318, -9.83550
-4.84249, -2.49025
0.53315, 9.94299
0.24459, -9.98803
-3.43057, 7.27495
1.73852, 9.37604
-0.04121, -9.99966
-1.19809, 9.70867
4.35506, 4.91261
-0.39054, -9.96945
-0.34723, 9.97586
4.12606, -5.64822
-1.32428, -9.64288
-0.01928, 9.99993
1.57771, -9.48911
-3.68587, -6.75703
0.27895, 9.98443
0.47753, -9.95429
-4.69825, 3.42137
1.00082, 9.79762
0.08131, -9.99868
-2.05766, 9.11395
2.98518, 8.02215
-0.18966, -9.99280
-0.64553, 9.91631
4.98664, -0.73064
-0.75108, -9.88653
-0.14989, 9.99551
2.64441, -8.48695
-2.34783, -8.82898
0.11560, 9.99733
0.86364, -9.84970
-4.89163, -2.07074
0.55891, 9.93733
0.23051, -9.98937
-3.32025, 7.47688
1.81243, 9.31989
-0.05083, -9.99948
-1.14687, 9.73338
4.44746, 4.56951
-0.41052, -9.96624
-0.32960, 9.97825
4.02151, -5.94220
-1.38259, -9.61009
-0.00985, 9.99998
